1249244116
1249241292
1132372504
1132355983
1132339273
1132326562
1132325844
1029902829
1029902755
1029902666
1029902626
1029901231
1029901197
1029901143
1029901118
1029901084
1029901020
1029900974
1029900934
977735263
954864866
949318721
949318017
949315960
949313723
934818348
926508634
864710042
864710026
864710012
864709111
857686278
857685795
857685770
857685750
857685643
857683434
742000123
740688034
740676112
740674283
740674213
705714054
705697613
705697514
705697429
705696193
695313767
691959554
691959484
691958419
691952546
691951468
687971801
618584432
618574775
618574677
618572770
618571167
618571070
618562704
618559343
593648415
593573997
565240382
551201909
551201472
551174772
549492887
547857530
547853973
547853760
547843096
547840845
547839649
547839615
547839077
547829740
547827147
547826529
547824836
547824768
547824675
547824008
547823952
547823794
547821773
547819144
547817717
547817577
539845376
539836465
539836394
539836315
539834236
501828726
393046238
385623489
309834625
301267584
301266807
301266665
